100
1000
0 87 794
0 96 554
0 58 328
0 2 993
0 25 955
0 59 433
0 93 999
0 46 120
0 28 820
0 98 628
0 12 664
0 86 447
0 92 787
0 41 715
0 79 934
0 7 33
0 15 44
0 33 933
0 99 943
0 48 395
1 51 893
1 2 781
1 44 15
1 95 598
1 45 763
1 22 534
1 67 839
1 62 808
1 32 180
1 14 377
1 26 335
1 66 513
1 29 793
1 68 723
1 60 181
1 16 357
1 13 141
1 82 157
1 43 710
1 31 365
1 12 178
2 34 960
2 36 498
2 48 384
2 11 81
2 55 342
2 86 844
2 27 148
2 19 409
2 92 466
2 65 379
2 75 604
2 37 455
2 20 435
2 71 695
2 56 387
2 7 499
2 52 407
2 13 758
3 34 852
3 36 706
3 48 954
3 95 874
3 92 46
3 50 107
3 59 287
3 89 266
3 53 704
3 79 196
3 18 367
3 80 607
3 72 566
3 27 71
3 14 645
3 74 471
3 31 378
3 37 474
3 28 583
3 60 800
3 41 614
3 52 241
3 91 93
3 69 413
3 73 896
3 16 462
4 46 762
4 92 165
4 43 752
4 79 579
4 19 133
4 42 177
4 72 373
4 14 457
4 59 841
4 29 245
4 39 606
4 73 875
4 31 775
4 49 94
4 53 203
4 11 544
4 64 998
4 27 918
4 68 687
4 13 250
4 45 506
5 90 316
5 51 981
5 81 736
5 44 698
5 75 278
5 42 104
5 98 274
5 50 311
5 86 88
5 23 905
5 53 66
5 67 19
5 32 641
5 27 191
5 35 699
5 14 897
5 74 244
5 26 246
5 37 921
5 56 570
5 39 121
5 28 231
5 78 233
5 60 319
5 16 600
5 77 212
6 90 390
6 44 703
6 92 651
6 57 718
6 76 260
6 10 543
6 88 576
6 21 13
6 12 339
6 59 356
6 28 822
6 29 547
6 64 535
6 32 631
6 39 265
6 31 360
6 74 207
6 60 23
6 94 43
6 7 258
6 66 746
6 72 475
6 27 14
7 51 850
7 81 766
7 38 68
7 50 38
7 57 213
7 76 602
7 53 700
7 79 846
7 40 643
7 31 673
7 49 524
7 69 48
7 15 627
7 9 476
7 55 60
7 39 532
7 66 774
7 94 932
7 20 945
7 70 620
8 90 280
8 51 163
8 84 219
8 96 402
8 44 427
8 45 737
8 76 580
8 18 264
8 14 601
8 88 408
8 66 522
8 13 405
8 99 520
8 9 87
8 43 691
8 39 860
8 40 271
8 83 300
8 28 279
9 90 728
9 87 657
9 96 894
9 30 130
9 93 588
9 38 892
9 23 105
9 22 323
9 72 394
9 35 441
9 14 103
9 26 731
9 31 3
9 85 940
9 49 682
9 16 505
9 39 31
9 94 523
9 28 473
10 84 633
10 36 400
10 46 767
10 45 124
10 19 920
10 89 312
10 79 509
10 22 720
10 61 242
10 62 343
10 32 970
10 70 491
10 35 825
10 14 510
10 11 47
10 99 11
10 16 275
10 20 112
10 28 334
10 49 458
11 51 185
11 96 490
11 30 225
11 58 575
11 45 100
11 24 832
11 98 417
11 38 724
11 86 494
11 80 61
11 15 919
11 63 261
11 26 948
11 66 770
11 13 585
11 77 667
11 56 228
11 41 741
11 39 232
11 78 76
11 83 463
11 69 59
12 24 127
12 76 344
12 62 91
12 55 902
12 47 220
12 31 678
12 64 929
12 77 550
12 78 355
12 52 375
12 69 858
12 39 666
13 36 421
13 48 449
13 65 742
13 93 313
13 24 878
13 38 679
13 59 194
13 53 788
13 18 957
13 80 810
13 62 501
13 29 611
13 99 338
13 73 235
13 39 754
13 52 784
13 37 336
13 20 877
13 85 39
14 50 885
14 76 411
14 59 792
14 89 188
14 54 37
14 17 404
14 82 128
14 78 353
14 88 739
14 40 263
14 16 551
14 31 149
14 74 997
15 51 778
15 84 717
15 95 663
15 45 984
15 98 915
15 89 814
15 79 340
15 22 517
15 61 635
15 55 502
15 70 199
15 91 304
15 28 486
15 77 330
15 29 1
16 87 935
16 84 612
16 36 362
16 58 958
16 44 310
16 45 446
16 24 115
16 38 683
16 76 439
16 23 967
16 79 21
16 67 386
16 80 256
16 72 968
16 43 922
16 94 507
16 69 63
16 82 32
16 73 560
16 25 623
17 96 761
17 44 7
17 57 830
17 86 349
17 80 565
17 55 578
17 54 27
17 21 206
17 83 16
17 43 139
17 37 972
17 47 531
17 97 170
17 74 907
18 90 151
18 84 773
18 96 489
18 95 848
18 46 927
18 93 426
18 23 176
18 79 440
18 22 283
18 25 847
18 52 952
18 54 924
18 83 586
18 80 863
18 82 660
19 96 890
19 44 82
19 24 227
19 42 467
19 67 12
19 89 478
19 85 131
19 76 779
19 94 234
19 28 399
19 78 53
19 38 145
19 37 886
19 55 797
19 22 72
20 51 831
20 81 650
20 84 949
20 58 980
20 65 282
20 38 655
20 23 431
20 80 257
20 71 297
20 70 753
20 26 962
20 99 70
20 31 187
20 64 277
20 56 971
20 37 937
20 40 423
20 78 977
20 83 445
20 82 557
20 33 129
21 48 164
21 92 412
21 89 990
21 53 791
21 27 564
21 88 34
21 78 537
21 41 249
21 91 895
21 49 903
21 39 361
22 95 834
22 45 930
22 93 562
22 98 179
22 57 760
22 67 693
22 49 719
22 47 385
22 33 799
22 82 959
22 37 493
22 60 879
22 83 254
23 51 807
23 84 198
23 95 479
23 57 77
23 89 401
23 53 995
23 88 862
23 41 75
23 74 171
23 99 573
23 79 371
23 27 296
23 73 681
23 68 617
23 55 389
23 35 961
24 90 161
24 34 314
24 87 169
24 81 837
24 84 369
24 46 618
24 75 806
24 45 548
24 93 594
24 50 956
24 88 909
24 83 269
24 35 202
24 74 853
24 27 42
24 31 236
24 33 556
24 40 24
24 86 376
24 32 951
25 51 284
25 87 456
25 81 325
25 96 276
25 75 707
25 80 668
25 63 840
25 29 873
25 85 354
25 94 748
25 40 26
25 52 671
25 73 85
25 97 571
26 90 514
26 38 855
26 57 73
26 70 768
26 27 155
26 54 64
26 47 90
26 68 108
26 66 991
26 73 976
26 99 953
26 82 637
27 34 406
27 98 654
27 57 454
27 55 97
27 70 605
27 63 672
27 41 785
27 82 845
27 66 30
27 56 270
28 58 634
28 95 35
28 45 306
28 89 670
28 80 989
28 62 57
28 54 174
28 74 484
28 49 772
28 94 6
28 33 442
29 90 436
29 81 492
29 96 745
29 58 293
29 42 359
29 50 345
29 67 735
29 63 45
29 88 559
29 68 25
29 41 868
30 81 729
30 36 716
30 58 928
30 88 911
30 38 527
30 57 302
30 53 888
30 65 590
30 40 110
30 92 363
30 98 132
30 93 382
30 89 734
30 70 370
31 87 99
31 58 1000
31 48 789
31 38 273
31 67 289
31 55 10
31 70 299
31 74 638
31 47 608
31 64 592
31 39 483
31 77 464
31 83 292
31 73 521
32 90 28
32 84 553
32 58 599
32 48 828
32 44 622
32 46 836
32 92 89
32 57 577
32 59 140
32 53 259
32 79 632
32 72 685
32 55 416
32 47 944
32 70 143
32 39 437
32 60 629
33 71 913
33 55 172
33 70 281
33 66 780
33 94 574
33 83 331
33 68 152
33 69 856
34 90 642
34 51 889
34 78 485
34 79 826
34 39 315
34 68 639
34 38 926
34 65 755
34 89 648
35 84 572
35 96 303
35 44 18
35 65 308
35 57 40
35 86 193
35 72 528
35 55 869
35 63 195
35 47 495
35 56 908
35 37 815
35 88 238
35 68 102
35 60 444
35 69 646
35 91 662
35 43 708
35 54 430
35 40 113
36 51 253
36 96 871
36 60 857
36 64 684
36 46 512
36 93 368
36 50 759
36 63 798
36 58 480
37 98 546
37 76 301
37 59 722
37 79 824
37 67 812
37 71 979
37 72 545
37 55 721
37 64 452
37 56 899
37 49 22
37 91 497
37 94 750
37 69 985
38 96 765
38 46 332
38 65 415
38 93 833
38 98 460
38 50 803
38 69 859
38 40 661
38 49 567
38 91 295
38 60 597
38 62 214
38 66 422
38 53 542
39 95 243
39 92 217
39 45 866
39 93 126
39 89 125
39 53 946
39 54 424
39 47 849
39 56 552
39 94 78
39 40 842
39 41 936
39 52 796
39 69 876
40 87 285
40 92 86
40 93 255
40 42 584
40 98 147
40 57 56
40 67 465
40 62 536
40 47 974
40 49 52
40 94 380
40 60 677
40 82 680
40 69 751
41 87 98
41 48 965
41 45 764
41 42 827
41 61 17
41 55 609
41 60 309
41 82 397
41 73 388
41 91 418
41 68 740
42 90 205
42 87 941
42 81 162
42 95 887
42 92 80
42 98 616
42 86 109
42 69 96
42 43 211
42 83 374
43 58 410
43 48 692
43 61 294
43 54 861
43 66 500
43 99 2
43 77 272
43 85 595
43 73 392
43 56 79
43 94 865
43 91 518
44 48 150
44 95 420
44 59 851
44 69 942
44 75 488
44 52 818
44 64 477
44 78 237
44 92 222
44 98 333
44 47 540
44 56 712
44 68 786
44 67 854
45 81 453
45 75 569
45 65 659
45 49 630
45 72 732
45 62 738
45 85 366
45 59 438
45 86 504
45 94 821
45 61 923
46 90 428
46 58 647
46 48 625
46 95 114
46 47 782
46 52 51
46 54 414
46 92 156
46 67 117
46 83 676
46 88 84
46 61 429
47 81 561
47 93 221
47 59 900
47 86 36
47 54 838
47 66 118
47 60 697
47 99 351
47 85 910
48 66 184
48 91 119
48 62 83
48 65 372
48 95 391
48 80 305
48 83 714
48 69 880
48 54 189
48 98 317
49 87 539
49 81 802
49 65 992
49 93 867
49 67 973
49 52 526
49 68 769
50 90 208
50 96 327
50 57 864
50 97 713
50 54 183
50 70 218
50 62 978
50 72 111
51 90 137
51 87 883
51 61 262
51 67 324
51 59 432
51 54 801
51 74 95
51 69 901
51 70 173
51 82 541
51 78 200
51 75 555
52 90 288
52 84 709
52 95 160
52 75 749
52 99 982
52 64 448
52 78 175
52 68 135
52 91 20
52 73 686
53 73 983
53 80 138
53 78 62
53 63 307
53 97 58
54 81 106
54 92 166
54 62 969
54 70 481
54 82 776
54 74 461
54 66 964
55 75 290
55 59 398
55 80 987
55 72 337
55 82 563
55 97 950
55 64 640
55 60 142
56 90 41
56 87 204
56 93 519
56 59 804
56 89 240
56 80 381
56 85 986
56 94 823
57 92 872
57 64 674
57 61 487
57 73 329
57 62 144
57 71 730
57 94 705
57 74 9
58 63 230
58 97 168
58 68 690
58 95 529
58 60 882
58 94 54
58 98 549
59 81 743
59 98 267
59 76 450
59 86 229
59 62 881
59 79 4
59 88 341
59 94 771
60 90 795
60 93 610
60 79 291
60 62 49
60 63 92
60 88 652
60 74 621
60 83 154
60 73 829
61 81 587
61 86 298
61 67 835
61 80 209
61 85 247
61 62 988
61 82 101
62 86 711
62 67 508
62 71 8
62 72 912
62 78 813
62 68 538
62 99 891
62 66 809
62 64 733
63 87 966
63 95 591
63 80 870
63 83 644
63 94 994
64 90 727
64 81 210
64 89 884
64 71 688
64 88 533
64 78 665
64 82 146
64 69 816
65 96 223
65 92 939
65 93 192
65 99 186
65 85 503
65 86 747
65 82 613
66 95 906
66 93 153
66 98 702
66 86 589
66 88 5
66 78 658
66 94 215
67 81 777
67 84 696
67 96 425
67 93 938
67 97 963
67 85 701
68 95 624
68 93 122
68 76 744
68 72 322
68 91 914
69 90 396
69 84 669
69 76 134
69 80 931
69 71 757
69 78 626
69 91 55
69 82 675
70 90 619
70 96 725
70 75 252
70 98 348
70 86 67
70 89 916
70 80 568
70 85 123
70 83 451
70 99 346
70 94 159
71 87 443
71 84 558
71 95 843
71 76 917
71 89 756
71 80 459
71 83 364
71 85 819
71 72 615
71 78 74
72 95 689
72 86 496
72 73 393
72 78 596
72 91 975
72 74 898
73 84 190
74 89 511
74 88 470
74 97 224
75 90 29
75 87 136
75 92 817
75 97 805
75 77 268
76 90 201
76 96 656
76 83 286
76 85 383
76 89 593
76 86 50
76 99 350
77 84 482
77 93 226
77 79 525
77 88 347
78 87 419
78 95 352
78 88 515
78 85 811
78 91 197
79 96 469
79 97 69
80 90 925
80 87 248
80 84 434
80 96 516
80 86 326
80 82 239
80 91 216
81 87 403
81 84 904
81 83 603
81 86 158
82 84 167
82 96 65
82 97 321
83 87 653
83 84 116
83 91 694
84 96 636
84 91 726
85 96 783
85 89 530
85 88 581
85 91 251
86 96 318
86 89 790
86 88 947
86 94 472
87 95 468
88 99 582
89 93 320
90 96 358
93 95 996
93 94 182
96 97 649